10------------------------#共有 10 个多边形
1 4-----------------------#第一个多边形包括4个点
0.0 0.0------------------#下面是第一个多边形坐标(x，y)
1.0 0.0
1.0 1.0
0.0 1.0
2 10--------------------#第二个多边形，包含 10 个点
6.0 7.0
10.0 20.0
15.0 25.0
20.0 30.0
25.0 35.0
30.0 40.0
35.0 45.0
40.0 50.0
45.0 55.0
50.0 60.0
3 8---------------------#第三个多边形，包含八个点
5.0 5.0
6.0 7.0
7.0 5.0
6.0 6.0
8.0 8.0
9.0 9.0
10.0 8.0
9.0 7.0
4 5
2.0 3.0
3.0 4.0
4.0 5.0
5.0 6.0
6.0 7.0
5 6
12.0 14.0
13.0 15.0
14.0 16.0
15.0 17.0
16.0 18.0
17.0 19.0
6 4
1.0 2.0
2.0 3.0
3.0 2.0
2.0 1.0
7 7
0.5 0.5
1.5 0.5
2.5 0.5
3.5 0.5
4.5 0.5
5.5 0.5
6.5 0.5
8 5
8.0 9.0
9.0 10.0
10.0 11.0
11.0 12.0
12.0 13.0
9 3
7.0 7.0
8.0 8.0
9.0 9.0
10 20
1.0 1.0
2.0 2.0
3.0 3.0
4.0 4.0
5.0 5.0
6.0 6.0
7.0 7.0
8.0 8.0
9.0 9.0
10.0 10.0
11.0 11.0
12.0 12.0
13.0 13.0
14.0 14.0
15.0 15.0
16.0 16.0
17.0 17.0
18.0 18.0
19.0 19.0
20.0 20.0
